2.76513308e-01
-2.59939730e-01
1.33503407e-01
1.91267654e-02
-6.10027313e-02
-8.30288157e-02
1.10399976e-01
2.18539566e-01
8.94940868e-02
1.40531376e-01
-1.25513762e-01
-9.68727991e-02
-6.66614696e-02
1.30947113e-01
-2.27491438e-01
1.22029603e-01
-1.32276565e-01
2.22622097e-01
-2.69470394e-01
2.74416860e-02
2.26147205e-01
-5.80258071e-02
-9.09473822e-02
-2.88859963e-01
7.69973099e-02
2.24849004e-02
2.57147104e-01
-1.27838269e-01
1.24571368e-01
-2.56175920e-02
-1.01649269e-01
-2.32258037e-01
1.26792602e-02
1.91370919e-01
1.60086185e-01
1.72390770e-02
2.04790682e-01
2.05201693e-02
-2.54187942e-01
-1.08462267e-01
8.23444054e-02
8.85973647e-02
5.34644984e-02
-3.76679488e-02
4.08670716e-02
7.40737095e-02
-1.07148495e-02
-5.04981615e-02
2.58614510e-01
-1.75274298e-01
2.02015638e-01
6.07461892e-02
-2.63117030e-02
-1.53826833e-01
-1.32950529e-01
8.18128046e-03
-1.51961759e-01
7.80113935e-02
-2.57359087e-01
7.17375241e-03
1.30357146e-01
2.03433558e-02
9.25820470e-02
1.38077378e-01