-1.99631955e-02
-1.68943554e-02
-7.54301846e-02
5.18776700e-02
-4.48274165e-02
7.08255097e-02
6.40855208e-02
-7.37744570e-02
4.77841049e-02
-3.22744511e-02
8.23742300e-02
2.02685259e-02
-7.41452128e-02
-6.18562810e-02
1.82051864e-02
-7.21690655e-02
3.99431400e-02
-6.56522214e-02
-7.57208392e-02
2.44827420e-02
6.44995421e-02
-6.72548190e-02
-3.76191437e-02
1.07689323e-02
-5.44565171e-02
4.08037715e-02
7.65383393e-02
-7.90050402e-02
2.91311760e-02
-5.60578220e-02
-1.26001127e-02
-6.23923875e-02
-2.72260625e-02
4.72813696e-02
-5.98470047e-02
-1.22641027e-03
8.33971202e-02
4.59532849e-02
3.79596390e-02
-6.21230863e-02
-9.06670243e-02
5.01756184e-02
6.10581972e-02
-9.15427133e-02
2.24455143e-03
5.52970590e-03
-5.04217483e-02
2.39238665e-02
-2.82217320e-02
1.20554387e-03
-3.35076749e-02
-1.03785377e-02
6.47541732e-02
-6.56745583e-03
8.59861076e-02
-4.34861630e-02
-6.93350881e-02
2.77689453e-02
-3.01866123e-04
6.47316799e-02
-8.59171525e-02
-1.61975138e-02
-7.97408074e-02
4.71784100e-02